Red Sands
73.2
131
Sea Side
70.2
128
Twin Lakes
72.7
129
City Center
64.9
116
Five Hills
75.1
142
Cedar Creek
71.5
134
Jonny deAlba
1406
12 57 41 54 52 50 61 54 37 44 47 61 47 
2 111 113 
11 56 53 43 47 35 36 55 61 35 37 50 
2 118 109 
16 43 36 45 49 36 40 53 52 34 38 33 39 58 57 49 58 
8 102 71 95 109 78 90 80 112 
3 35 41 47 
18 123 110 132 72 136 114 90 112 69 90 100 77 91 103 87 114 116 128 
6 39 40 34 48 49 54 
2 144 97
12 34 54 38 56 52 61 57 38 58 51 32 55
5 125 83 112 93 76
Chris Long
1907
19 42 46 38 51 51 44 48 45 53 34 53 45 43 49 33 43 56 41 59 
10 122 78 109 73 96 119 78 73 103 124 
5 36 59 61 60 54 
15 101 70 129 107 127 131 136 142 90 99 117 102 85 72 106 
2 38 61 
5 93 91 82 140 113 
19 52 43 39 60 44 42 56 56 55 40 43 55 42 35 36 39 54 39 48 
1 96 
11 51 56 52 41 59 41 49 57 47 52 47 
14 85 92 130 112 125 91 141 101 134 98 70 85 75 143 
6 43 42 44 38 37 47 
2 104 141 
Garrett Long
1908
18 50 44 41 58 40 41 48 44 34 42 38 35 58 52 48 33 41 52 
15 103 122 127 90 100 134 132 71 124 77 120 69 97 106 122 
11 38 45 44 33 36 49 60 51 53 40 40 
3 115 106 124 
15 59 50 56 51 61 32 54 39 52 47 42 42 52 32 53 
5 122 138 95 143 98 
0 
9 116 123 127 136 129 71 98 107 125 
2 38 46 
9 72 78 88 88 134 70 73 89 107 
7 45 32 34 40 36 57 56 
11 126 134 127 100 120 97 100 122 109 126 142 
Michael Rollman
2105
18 58 36 56 58 34 49 58 41 46 49 45 60 50 37 61 61 38 39 
5 114 77 99 71 116 
6 52 52 61 42 55 57 
18 77 113 105 111 123 96 112 144 116 118 87 78 104 101 104 121 105 138 
4 48 58 49 61 
18 137 89 123 74 101 126 124 84 97 107 115 82 132 127 132 81 106 125 
1 44 
2 124 124 
13 53 52 57 55 54 43 56 42 54 47 46 49 42 
4 74 102 85 138 
3 54 55 48 
3 90 75 114 
Tyler Millsap
1101
3 55 59 47 
1 83 
15 59 44 39 40 53 61 61 32 43 33 49 58 59 51 54 
10 106 108 123 102 138 108 118 87 100 114 
9 32 40 54 33 58 54 33 41 50 
2 95 130 
2 47 47 
14 95 84 101 86 113 101 96 97 143 85 105 88 97 117 
13 44 36 41 49 33 45 38 44 32 48 58 60 32 
7 70 137 143 112 132 138 75 
7 52 40 33 50 42 42 59 
6 121 99 120 141 116 83 
Jordan Higgins
965
17 41 40 45 60 55 38 48 60 33 36 43 37 52 46 61 38 50 
5 129 126 100 100 75 
14 44 54 54 55 59 47 42 39 38 61 34 56 39 45 
12 77 122 104 136 84 110 135 71 132 124 85 139 
17 48 32 39 38 45 50 54 38 58 48 39 42 60 48 54 39 38 
0 
3 38 32 60 
0 
0 
10 105 139 81 101 109 84 120 132 104 74 
8 41 45 43 40 56 35 50 56 
19 141 89 122 82 93 95 133 84 76 124 81 127 136 138 94 139 100 132 91 
James Lott
2108
14 43 33 32 43 44 39 52 54 37 48 35 53 36 57 
19 122 71 106 115 111 92 104 114 92 107 82 97 98 95 127 105 140 131 135 
19 35 40 34 55 45 46 55 33 39 47 45 43 42 43 51 34 45 56 48 
10 80 143 89 88 126 144 86 85 82 128 
1 52 
13 143 96 102 111 130 83 113 101 95 133 102 133 84 
1 52 
0 
17 40 51 47 60 50 46 34 44 55 51 34 59 52 33 36 33 56 
7 140 72 137 133 99 70 112 
9 42 45 47 60 59 45 50 57 49 
15 86 99 96 96 98 120 133 138 120 94 103 113 102 130 109
Eric Colt
1559
17 53 47 39 57 53 42 50 61 32 57 48 57 37 52 47 37 33 
16 126 110 71 126 84 79 140 123 125 78 103 88 85 77 126 113 
1 57 
11 81 93 134 128 86 84 91 111 98 139 84 
3 50 42 58 
18 118 142 131 104 116 143 114 105 70 78 108 91 96 98 123 144 87 101 
6 52 41 47 41 52 48 
17 135 119 102 129 142 122 73 70 97 140 135 71 70 97 84 110 132 
0 
7 111 72 116 75 122 104 143 
5 59 33 45 48 60 
1 88 
James Jackson
1212
11 51 52 46 54 38 54 36 46 33 58 54 
1 106 
4 61 61 58 43 
15 90 121 91 140 89 128 116 122 70 124 102 79 99 79 137 
18 34 49 54 39 54 61 37 44 53 61 51 39 58 47 37 34 57 51 
3 131 87 76 
15 49 44 54 47 43 60 54 42 61 53 42 49 56 49 44 
17 103 123 121 71 107 112 132 71 72 133 93 132 133 101 99 115 111 
15 33 54 49 59 55 59 34 38 53 54 56 48 43 53 41 
0 
12 47 44 46 47 40 41 51 59 54 45 32 58 
17 125 138 128 92 118 99 144 95 105 111 138 77 135 98 91 134 78 
Luke Tyler
1624
6 41 33 61 56 33 40 
17 140 96 112 75 104 78 92 81 115 110 114 91 130 117 105 92 114 
4 44 60 43 39 
2 121 110 
6 39 39 42 35 56 45 
8 128 144 78 86 85 106 94 125 
19 48 38 47 55 46 46 44 44 32 57 32 45 32 53 55 57 51 58 58 
2 109 70 
11 36 39 33 47 47 54 37 33 51 39 45 
7 77 71 136 109 119 109 138 
3 50 40 61 
10 73 132 126 142 110 118 128 85 126 107 
Robert Murphy
1942
9 57 34 51 43 41 54 35 51 43 
3 82 106 118 
10 55 33 60 61 44 34 61 60 58 41 
15 95 121 82 136 76 142 134 132 137 101 77 142 81 96 119 
1 35 
17 130 125 120 102 137 81 129 106 103 104 89 119 144 91 128 142 107 
0 
11 96 131 134 88 101 91 75 122 73 115 142 
4 50 39 43 59 
19 129 95 136 69 113 143 112 85 100 143 134 140 96 128 117 88 96 80 129 
12 54 38 36 57 57 61 61 45 38 48 52 52 
12 75 122 124 89 138 85 87 134 140 85 135 83 
Jon Morgan
1717
4 45 59 46 41 
1 116 
11 54 43 41 51 39 44 39 39 44 39 44 
0 
1 46 
17 105 93 135 111 91 143 137 108 114 104 77 69 75 84 129 115 90 
0 
12 119 77 142 96 125 121 114 77 114 70 108 98 
14 38 41 46 47 61 49 53 50 58 38 55 46 36 44 
2 85 77 
10 58 59 61 58 37 60 47 56 48 36 
10 86 81 104 86 79 78 99 143 94 143
Wesley Page
1515
6 56 44 49 43 40 52 
15 71 82 109 69 70 98 113 77 83 107 138 80 90 85 82 
1 36 
18 118 91 116 127 132 129 77 80 98 87 113 133 134 128 128 88 135 81 
9 61 33 47 56 41 53 61 59 47 
4 110 93 112 109 
15 56 40 51 39 50 53 32 56 34 59 55 35 36 35 36 
4 127 132 72 101 
7 42 40 45 35 37 43 60 
16 103 133 109 123 81 114 72 142 96 119 81 80 79 121 84 94 
15 45 44 59 51 58 57 56 61 50 49 55 58 39 36 34 
7 112 86 142 128 90 141 96 
Joe Moore
1635
10 47 54 38 58 44 47 59 46 51 44 
9 91 119 132 83 121 136 84 88 101 
13 40 38 55 32 45 38 50 57 45 41 56 43 55 
15 107 108 123 102 98 124 124 92 134 134 73 137 74 94 113 
7 47 41 50 59 46 34 33 
8 108 143 121 74 79 124 122 75 
10 53 61 34 56 60 60 36 51 40 58 
11 75 74 69 142 83 137 77 76 133 122 119 
16 55 56 43 50 61 44 38 58 58 49 44 49 46 34 55 36 
2 72 97 
0 
1 136 
Brian Roman
1399
9 50 46 48 43 61 52 39 33 61 
1 87 
7 45 53 32 47 33 45 61 
15 134 132 132 77 123 133 138 120 140 125 107 137 139 99 92 
16 32 35 38 37 34 45 48 51 53 32 52 40 53 36 35 45 
3 72 83 87 
11 39 33 58 51 54 32 53 46 50 32 49 
11 90 109 122 141 144 76 102 124 134 131 110 
12 39 35 50 41 61 56 61 32 43 51 55 40 
0 
0 
7 82 94 72 82 76 104 75
